000019
000048
000529
000568
000596
000639
000702
000716
000729
000752
000799
000848
000858
000860
000869
000876
000893
000895
000911
000929
000930
000995
002053
002100
002124
002157
002216
002220
002286
002304
002311
002329
002330
002385
002387
002461
002481
002495
002507
002515
002548
002557
002567
002568
002570
002582
002604
002626
002646
002650
002661
002695
002702
002719
002726
002732
002770
002820
002840
002847
002852
200019
200596
200869
300138
300146
300149
300175
300268
300381
300401
300673
600059
600073
600084
600095
600127
600132
600186
600191
600197
600199
600238
600251
600298
600300
600305
600311
600365
600381
600429
600438
600519
600543
600559
600573
600597
600600
600616
600702
600735
600737
600779
600809
600866
600873
600882
600887
601579
601952
603020
603027
603043
603198
603288
603345
603369
603517
603536
603589
603609
603668
603696
603779
603866
603886
603919
